version https://git-lfs.github.com/spec/v1
oid sha256:693d2af0df3beabb6a25882664937e945e71d35d3b487f6dc8d28c3f5f50d46a
size 177650
