version https://git-lfs.github.com/spec/v1
oid sha256:1e8d478b328d31b2bc5b8bb1e98ca02fbbbbe1d91a620e5a1698abb1747c925c
size 230378
